	Cc1cc(c(c(c1)Br)NC(=O)COC(=O)c2ccc(c(c2)[N+](=O)[O-])S(=O)(=O)C)Br	-
, 9.55998e-05
, 0.00027373264
, 2.9224986e-05
, 6.226852e-05
, 6.38062e-05
, 5.4672008e-05
, 0.00013537187
, 4.5716144e-05
, 0.00010635349
, 9.868496e-05
, 4.866207e-05
, 4.462661e-05
, 3.9731196e-05
, 0.18256222
, 0.00010622284
, 4.6875706e-05
, 8.710646e-05
, 6.498781e-05
, 4.0634506e-05
, 5.1071656e-05
, 6.3590014e-05
, 4.1973257e-05
, 3.830469e-05
, 7.9378544e-05
, 6.418707e-05
, 3.5799625e-05
, 0.00024350456
, 5.357929e-05
, 0.000112650225
, 7.90734e-05
, 5.422154e-05
, 6.610741e-05
, 6.612847e-05
, 0.016934834
, 0.000102805236
, 3.2049345e-05
, 0.00024462107
, 0.00013326209
, 0.00016401084
, 8.019805e-05
, 4.669305e-05
, 0.00024448583
, 5.6422017e-05
, 3.493489e-05
, 0.00014950916
, 0.00022830567
, 0.0007989812
, 0.007255826
, 6.1174884e-05
, 0.00019694696
, 2.6021946e-05
, 6.1882616e-05
, 5.9979662e-05
, 4.6845274e-05
, 0.0017031537
, 5.8133945e-05
, 4.7532147e-05
, 2.3146826e-05
, 0.00013213973
, 0.00021575083
, 0.0006908232
, 0.0007024776
, 0.00015008092
, 4.2229207e-05
, 9.647843e-05
, 3.51109e-05
, 2.7577027e-05
, 3.3122433e-05
, 0.00041663725
, 0.314778
, 4.080829e-05
, 4.980118e-05
, 0.00010227586
, 8.174414e-05
, 7.797254e-05
, 0.00062018115
, 0.00015937473
, 3.1101856e-05
, 0.0002483733
, 4.5908193e-05
, 6.341192e-05
, 5.763681e-05
, 9.883178e-05
, 0.00022680948
, 2.3370114e-05
, 6.0763305e-05
, 5.1109026e-05
, 3.8673126e-05
, 0.82737577
, 0.00010391414
, 0.00016720893
, 0.0007627306
, 7.913095e-05
, 0.00015049364
, 2.5971518e-05
, 4.4035944e-05
, 7.7086246e-05
, 4.050865e-05
, 5.532476e-05
, 2.116849e-05
, 2.0429143e-05
, 3.431267e-05
, 0.0008906577
, 3.252238e-05
, 8.664882e-05
, 0.00012324183
, 3.0760573e-05
, 4.4559463e-05
, 0.00011131959
, 0.00012111071
, 2.1014535e-05
, 4.1345174e-05
, 0.00017925326
, 4.5687073e-05
, 6.76348e-05
, 0.00016005394
, 4.7726684e-05
, 7.121349e-05
, 0.005089032
, 0.00018236
, 5.0908224e-05
, 0.00038983178
, 2.7873126e-05
, 4.131853e-05
, 2.4827881e-05
, 5.781406e-05
, 0.00014378608
, 4.235395e-05
, 2.4559236e-05
, 7.1864924e-05
, 0.0027069203
, 3.1580115e-05
, 0.00010416137
, 0.00012026438
, 0.6589865
, 6.1676415e-05
, 4.4429664e-05
, 5.6959165e-05
, 0.00014476627
, 5.9064627e-05
, 6.245239e-05
, 5.342511e-05
, 0.00069084525
, 5.186712e-05
, 0.00019397683
, 5.555797e-05
, 4.0371935e-05
, 6.678113e-05
, 8.574369e-05
, 8.900663e-05
, 0.00012389377
, 0.00030912485
, 4.292967e-05
, 2.4726372e-05
, 6.0802256e-05
, 4.8229416e-05
, 3.107725e-05
, 7.276435e-05
, 3.941777e-05
, 3.130283e-05
, 3.1389663e-05
, 0.00043060636
, 0.00013210671
, 5.2600833e-05
, 5.4626926e-05
, 0.00017443569
, 2.1751948e-05
, 0.003469279
, 0.0003477968
, 4.4993034e-05
, 4.4340737e-05
, 0.09160303
, 3.7865088e-05
, 5.5829736e-05
, 3.2014246e-05
, 2.71118e-05
, 3.4907647e-05
, 0.010136611
, 4.6605237e-05
, 0.0006846883
, 4.4486944e-05
, 3.1003718e-05
, 2.6439991e-05
, 4.7279573e-05
, 0.00010404691
, 5.1451876e-05
, 5.246257e-05
, 8.090597e-05
, 6.2457395e-05
, 5.9003094e-05
, 2.9211806e-05
, 3.8120335e-05
, 8.65735e-05
, 3.5309986e-05
, 7.146268e-05
, 4.620021e-05
, 5.951139e-05
, 0.000117947195
, 0.000102272745
, 0.00018225136
, 0.00016034754
, 0.00033786314
, 2.1554188e-05
, 0.0001085438
, 4.747145e-05
, 0.00027408832
, 0.000105799685
, 6.2795356e-05
, 6.869654e-05
, 5.0218856e-05
, 6.9931826e-05
, 0.00014674789
, 3.6056936e-05
, 3.8309438e-05
, 7.004796e-05
, 3.2499007e-05
, 5.373438e-05
, 6.8763264e-05
, 0.00014399407
, 6.645346e-05
, 5.453173e-05
, 8.113257e-05
, 7.88227e-05
, 6.6324945e-05
, 5.8943544e-05
, 2.6169744e-05
, 4.9716054e-05
, 3.609354e-05
, 0.00096735737
, 3.1091655e-05
, 0.00032985417
, 0.0001842838
, 6.869949e-05
, 4.0928757e-05
, 3.9755756e-05
, 3.43272e-05
, 7.917095e-05
, 2.7187583e-05
, 7.507018e-05
, 0.9749016
, 0.0007758496
, 0.09059298
, 6.4926986e-05
, 0.0068812645
, 3.3437263e-05
, 4.87039e-05
, 5.369607e-05
, 0.000102096856
, 0.00033573285
, 4.4120305e-05
, 2.257365e-05
, 5.9057867e-05
, 8.3124796e-05
, 0.9016734
, 5.732677e-05
, 7.0146554e-05
, 5.335892e-05
, 3.9619696e-05
, 0.0014055014
, 0.00047924902
, 3.6918587e-05
, 0.00055416976
, 2.617878e-05
, 2.26743e-05
, 5.33693e-05
, 0.00012357756
, 0.00010335333
, 3.4073815e-05
, 0.0001234446
, 0.00014827908
, 3.0529816e-05
, 8.7820576e-05
, 2.4775443e-05
, 0.004447742
, 3.568595e-05
, 4.346739e-05
, 4.344472e-05
, 3.9820337e-05
, 0.00021951277
, 3.606505e-05
, 2.454039e-05
, 0.0041479273
, 4.009121e-05
, 0.001521494
, 2.5001804e-05
, 0.00102648
, 2.6378262e-05
, 7.290187e-05
, 4.5589495e-05
, 0.98118424
, 4.1603565e-05
, 7.8954115e-05
, 8.062201e-05
, 2.7217495e-05
, 4.3262688e-05
, 4.4161683e-05
, 6.585604e-05
, 6.298012e-05
, 2.3457644e-05
, 6.720475e-05
, 0.04876547
, 5.6872104e-05
, 6.863715e-05
, 6.145414e-05
, 6.216492e-05
, 3.3385775e-05
, 0.00050239346
, 0.00010977759
, 2.1608997e-05
, 3.875697e-05
, 2.5888285e-05
, 3.5184745e-05
, 4.4926877e-05
, 6.269842e-05
, 8.2082595e-05
, 0.00011707006
, 5.1443047e-05
, 9.931085e-05
, 3.774028e-05
, 2.8244283e-05
, 5.690683e-05
, 3.7564198e-05
, 0.00011068439
, 5.478547e-05
, 7.1794915e-05
, 8.389253e-05
, 0.004996338
, 7.1531e-05
, 0.00015208
, 6.658959e-05
, 2.6950403e-05
, 9.355033e-05
, 0.00015506042
, 1.889705e-05
, 3.256406e-05
, 3.8970076e-05
, 2.3366661e-05
, 2.5277264e-05
, 0.0002687971
, 2.0628713e-05
, 4.73894e-05
, 3.8560032e-05
, 0.0001181194
, 0.00011031582
, 4.429446e-05
, 7.322097e-05
, 4.930289e-05
, 0.0019156667
, 8.50005e-05
, 6.410192e-05
, 3.871013e-05
, 7.824403e-05
, 3.125012e-05
, 5.530952e-05
, 3.0631916e-05
, 0.00010016778
, 2.521859e-05
, 3.317121e-05
, 3.2351352e-05
, 4.4226585e-05
, 0.40144187
, 0.0001143603
, 3.7277707e-05
, 6.902869e-05
, 3.1808617e-05
, 4.9157497e-05
, 5.5564327e-05
, 7.8252015e-05
, 7.5183656e-05
, 0.00016966018
, 9.994852e-05
, 0.00018069768
, 9.080933e-05
, 0.00028439728
, 7.95608e-05
, 4.2937532e-05
, 6.341658e-05
, 0.00016431983
, 0.0003914497
, 0.00015082605
, 8.6540815e-05
, 0.0004132003
, 4.8978887e-05
, 7.007709e-05
, 7.602421e-05
, 4.1042338e-05
, 4.5895235e-05
, 6.190888e-05
, 0.00011323459
, 0.00015735942
, 4.0601117e-05
, 0.00012587362
, 4.9738104e-05
, 3.990815e-05
, 0.0001145099
, 0.00011443164
, 0.0026299122
, 4.9479044e-05
, 6.559499e-05
, 0.00019192953
, 2.7484848e-05
, 4.892352e-05
, 4.2848973e-05
, 0.000103002574
, 9.148562e-05
, 2.8876553e-05
, 0.00038228754
, 0.0005309441
, 6.439921e-05
, 3.7898248e-05
, 0.035148364
, 5.310601e-05
, 8.315786e-05
, 5.919138e-05
, 6.0046845e-05
, 2.526707e-05
, 2.7805852e-05
, 3.955397e-05
, 4.0848394e-05
, 2.822398e-05
, 7.3797666e-05
, 4.4484736e-05
, 0.00010566116
, 0.00011391549
, 3.1740077e-05
, 7.641576e-05
, 0.00021452947
, 3.0072393e-05
, 4.6198842e-05
, 3.4563676e-05
, 0.00014066375
, 3.6032874e-05
, 3.547672e-05
, 0.00010414439
, 0.8968316
, 7.707015e-05
, 0.0005135067
, 4.5434852e-05
, 8.673182e-05
, 8.878335e-05
, 5.318299e-05
, 5.25282e-05
, 5.4056018e-05
, 0.0013851481
, 4.359953e-05
, 5.0655104e-05
, 4.3409393e-05
, 8.632488e-05
, 4.1176412e-05
, 9.438149e-05
, 4.504975e-05
, 4.564187e-05
, 0.43979028
, 2.4909441e-05
, 3.076706e-05
, 3.3899705e-05
, 6.7182e-05
, 4.5137862e-05
, 5.052012e-05
, 9.067641e-05
, 8.099853e-05
, 6.455329e-05
, 7.802088e-05
, 9.062964e-05
, 4.4530447e-05
, 2.5781554e-05
, 0.0007446329
, 2.7503962e-05
, 0.00019420113
, 2.66424e-05
, 0.0001310438
, 3.926511e-05
, 9.0344205e-05
, 0.0008239257
, 8.3190695e-05
, 0.0008670754
, 4.1943527e-05
, 0.0025809126
, 8.580921e-05
, 0.0023238678
, 8.5663276e-05
, 4.0660594e-05
, 4.4893088e-05
, 5.7036727e-05
, 5.477241e-05
, 4.2159274e-05
, 6.7966415e-05
, 5.9610848e-05
, 3.9366605e-05
, 4.5086843e-05
, 2.3831582e-05
, 7.287601e-05
, 2.3856961e-05
, 0.00029181375
, 0.00016653142
, 3.2917345e-05
, 3.1719348e-05
, 4.5253844e-05
, 6.861405e-05
, 0.0002715318
, 4.4106506e-05
, 7.8387566e-05
, 3.5377296e-05
, 4.8494236e-05
, 4.230123e-05
, 0.00010638159
, 3.572071e-05
, 4.6989564e-05
, 4.688129e-05
, 3.1941607e-05
, 0.00015077458
, 2.6714528e-05
, 7.4707605e-05
, 4.15155e-05
, 0.0002965395
, 6.600052e-05
, 6.133038e-05
, 4.054343e-05
, 8.765416e-05
, 4.4925637e-05
, 6.4458436e-05
, 2.3693667e-05
, 4.0588773e-05
, 6.490135e-05
, 7.52734e-05
, 0.00012864363
, 0.00013419449
, 7.1729635e-05
, 5.673988e-05
, 2.9190669e-05
, 4.044924e-05
, 0.000111179346
, 0.00011181162
, 0.00018804433
, 3.7084432e-05
, 7.033458e-05
, 0.00012280613
, 5.9781567e-05
, 0.0002687128
, 0.00021225052
, 2.0425674e-05
, 3.9853843e-05
, 0.00015653216
, 6.4295506e-05
, 8.916753e-05
, 4.3196105e-05
, 0.0007608189
, 2.7380516e-05
, 0.00019101596
, 7.072143e-05
, 4.386109e-05
, 5.724046e-05
, 8.090805e-05
, 5.156353e-05
, 7.9841324e-05
, 0.00015110748
, 0.00027732094
, 5.120655e-05
, 0.00029303625
, 0.00012360125
, 5.7888763e-05
, 2.5547673e-05
, 7.112045e-05
, 5.536128e-05
, 0.0003360555
, 5.818053e-05
, 7.90192e-05
, 6.559005e-05
, 4.080529e-05
, 3.9764476e-05
, 5.1569277e-05
, 0.0013849081
, 9.901459e-05
, 2.5467036e-05
, 6.806118e-05
, 4.2774995e-05
, 0.49496117
, 2.350442e-05
, 6.633519e-05
, 5.087066e-05
, 0.000120688994
, 5.1459876e-05
, 0.0001208614
, 4.854564e-05
, 5.046677e-05
, 7.491221e-05
, 7.499597e-05
, 0.010213624
, 4.7768393e-05
, 2.3334684e-05
, 8.039637e-05
, 3.0533894e-05
, 4.347224e-05
, 3.3057964e-05
, 8.425347e-05
, 5.9046717e-05
, 6.0477447e-05
, 5.8164605e-05
, 0.00012121389
, 6.266023e-05
, 3.100357e-05
, 0.00053868524
, 7.714052e-05
, 0.004512311
, 0.002597552
, 5.255591e-05
, 4.1684063e-05
, 0.00017230734
, 4.2853673e-05
, 0.0001991708
, 0.0019461003
, 0.007272834
, 7.6520984e-05
, 8.417316e-05
, 0.0001404078
, 2.8563012e-05
, 3.3067518e-05
, 0.0015878048
, 0.000117592775
, 3.6570633e-05
, 3.3193297e-05
, 6.8774214e-05
, 3.0321375e-05
, 4.0145307e-05
, 2.8398503e-05
, 0.00016808524
, 2.5596253e-05
, 4.192645e-05
, 2.8949042e-05
, 4.2423355e-05
, 5.978533e-05
, 9.027058e-05
, 4.22853e-05
, 0.692055
, 5.3663818e-05
, 2.4405865e-05
, 7.9628044e-05
, 8.108377e-05
, 6.078185e-05
, 4.106121e-05
, 3.5569952e-05
, 4.1148898e-05
, 0.6968551
, 0.00010299118
, 2.4526913e-05
, 0.0027039049
, 4.742787e-05
, 7.114582e-05
, 3.8655646e-05
, 0.00015394579
, 0.0014554433
, 3.2693722e-05
, 6.144705e-05
, 5.0793493e-05
, 0.002055262
, 7.551382e-05
, 2.8125989e-05
, 7.9452e-05
, 9.9526624e-05
, 3.3003405e-05
, 0.0041306913
, 5.807338e-05
, 4.4389602e-05
, 6.297124e-05
, 6.369853e-05
, 2.564869e-05
, 3.5819874e-05
, 0.019687647
, 6.251722e-05
, 3.908258e-05
, 4.7800062e-05
, 0.007937202
, 5.0570205e-05
, 3.0384592e-05
, 0.00012056407
, 3.7047317e-05
, 9.772258e-05
, 4.1455685e-05
, 3.2011896e-05
, 0.00028812533
, 4.99221e-05
, 0.00013803094
, 6.761358e-05
, 4.4007604e-05
, 9.1088674e-05
, 0.00021033765
, 5.6411092e-05
, 2.8889774e-05
, 3.2727632e-05
, 2.674356e-05
, 4.149199e-05
, 0.9742656
, 0.0005824926
, 0.0001369564
, 3.416072e-05
, 4.26792e-05
, 4.0403287e-05
, 3.7126716e-05
, 0.0007983689
, 2.8109955e-05
, 5.5491888e-05
, 9.463338e-05
, 4.0966555e-05
, 0.16290778
, 3.0689724e-05
, 0.0065760915
, 0.000111866975
, 0.9599074
, 0.0054190503
, 0.002568641
, 7.269493e-05
, 3.905084e-05
, 6.444129e-05
, 7.41873e-05
, 0.19194195
, 8.254147e-05
, 5.528584e-05
, 5.1283958e-05
, 0.00017333709
, 0.00037981503
, 3.7635946e-05
, 2.8326825e-05
, 2.7229515e-05
, 2.3689985e-05
, 3.9081948e-05
, 3.690134e-05
, 0.000520892
, 4.4950448e-05
, 0.08233303
, 6.427681e-05
, 4.0610877e-05
, 4.0502662e-05
, 9.401142e-05
, 8.4879735e-05
, 2.7505377e-05
, 8.887254e-05
, 3.0442889e-05
, 5.0631243e-05
, 2.7606287e-05
, 9.555924e-05
, 7.896978e-05
, 7.642793e-05
, 3.853518e-05
, 0.00018155323
, 0.0001507365
, 0.020455226
, 4.405232e-05
, 4.2583786e-05
, 6.3368694e-05
, 3.8056154e-05
, 6.22627e-05
, 0.05087573
, 0.00012281796
, 3.462801e-05
, 6.131956e-05
, 7.544198e-05
, 5.1328578e-05
, 4.905835e-05
, 3.649597e-05
, 3.612715e-05
, 3.0976527e-05
, 4.9185957e-05
, 3.291826e-05
, 0.00019898666
, 8.947476e-05
, 1.994887e-05
, 3.812677e-05
, 4.7261005e-05
, 3.1092957e-05
, 6.0330098e-05
, 0.00014953339
, 5.3156986e-05
, 0.00011435725
, 6.9247915e-05
, 3.6793605e-05
, 0.00011078925
, 2.8814356e-05
, 3.8847887e-05
, 3.652459e-05
, 2.5854977e-05
, 0.000117287505
, 3.5742585e-05
, 9.151852e-05
, 4.8953112e-05
, 0.002963915
, 2.9333658e-05
, 5.142353e-05
, 2.9307934e-05
, 0.0001450429
, 7.690262e-05
, 0.00013047585
, 0.3379717
, 9.118418e-05
, 0.000115949195
, 9.1132286e-05
, 0.00013513856
, 3.411192e-05
, 0.00012538771
, 5.203189e-05
, 2.6357891e-05
, 7.367764e-05
, 3.730196e-05
, 3.1613716e-05
, 2.5523394e-05
, 9.535124e-05
, 6.3493244e-05
, 0.0003575982
, 0.011835413
, 5.412039e-05
, 0.54494095
, 0.68021935
, 0.0012111997
, 3.4949782e-05
, 7.201606e-05
, 3.20535e-05
, 3.690961e-05
, 0.00015540633
, 0.0002641605
, 7.242362e-05
, 7.9660625e-05
, 5.34799e-05
, 5.0297313e-05
, 2.5188567e-05
, 0.0009420606
, 4.0895786e-05
, 0.00013140329
, 0.00046639593
, 7.0286835e-05
, 2.8117729e-05
, 2.49998e-05
, 0.00019483433
, 0.94722545
, 0.00023916252
, 7.908667e-05
, 6.433432e-05
, 0.0005116538
, 0.00010755603
, 4.8246162e-05
, 7.607592e-05
, 3.7613518e-05
, 2.5569172e-05
, 2.776621e-05
, 6.7927154e-05
, 3.084432e-05
, 3.7529535e-05
, 0.00013659969
, 5.3342435e-05
, 6.2918356e-05
, 4.534015e-05
, 0.0004946855
, 4.8212678e-05
, 6.0641054e-05
, 4.2633157e-05
, 0.9177142
, 9.9101024e-05
, 5.1279698e-05
, 0.00014470486
, 3.8437698e-05
, 0.00011522714
, 0.0009248133
, 3.1013977e-05
, 9.225348e-05
, 4.6622394e-05
, 3.6008656e-05
, 3.3759752e-05
, 0.000117758296
, 4.2665775e-05
, 0.00016072641
, 2.731016e-05
, 0.00010798744
, 0.000111468195
, 0.00012665452
, 3.0476263e-05
, 3.3098375e-05
, 3.0678224e-05
, 4.8250946e-05
, 3.7911297e-05
, 8.81003e-05
, 2.5063251e-05
, 2.952005e-05
, 3.0156627e-05
, 3.5203237e-05
, 5.0858438e-05
, 0.0022251657
, 9.901251e-05
, 2.1815913e-05
, 2.5024892e-05
, 0.00085496204
, 0.00011552297
, 0.43904844
, 8.6990505e-05
, 0.00012870891
, 7.787601e-05
, 0.9720749
, 9.875745e-05
, 0.00081140344
, 7.2765186e-05
, 8.781596e-05
, 0.00020445816
, 3.0432528e-05
, 1.826504e-05
, 0.000121158526
, 8.411876e-05
, 5.924311e-05
, 0.0006344186
, 9.5044044e-05
, 5.7721074e-05
, 8.067408e-05
, 2.4932993e-05
, 4.7432895e-05
, 0.00012657327
, 7.648421e-05
, 5.0973904e-05
, 0.00025226033
, 2.4190851e-05
, 3.7438527e-05
, 2.5188567e-05
, 5.7186775e-05
, 0.020120772
, 4.5302117e-05
, 5.120772e-05
, 7.4102594e-05
, 3.5047142e-05
, 7.0247974e-05
, 6.5524844e-05
, 3.275667e-05
, 6.801848e-05
, 0.00016665214
, 0.000101428166
, 7.3207215e-05
, 7.551814e-05
, 0.0022143458
, 8.3455525e-05
, 6.237811e-05
, 0.01931172
, 0.00018770485
, 4.0896724e-05
, 0.0001220897
, 0.00021163942
, 3.386897e-05
, 4.440277e-05
, 9.207182e-05
, 3.076084e-05
, 0.00030424382
, 4.2552125e-05
, 0.0003541813
, 0.00019589721
, 6.552447e-05
, 4.5875764e-05
, 2.6290689e-05
, 0.00012840795
, 0.017451657
, 5.38403e-05
, 2.7424183e-05
, 0.0006914354
, 4.2995307e-05
, 9.71444e-05
, 3.571298e-05
, 5.6438104e-05
, 3.6187663e-05
, 0.9575336
, 4.5600846e-05
, 0.9910557
, 3.4520162e-05
, 5.004603e-05
, 9.030622e-05
, 3.9760114e-05
, 0.00011320739
, 5.8784797e-05
, 9.369344e-05
, 5.4059983e-05
, 0.00011813315
, 4.586225e-05
, 0.00039660165
, 0.00059217185
, 3.5377194e-05
, 8.605808e-05
, 4.297666e-05
, 6.594421e-05
, 0.00014041582
, 0.00013582325
, 6.372593e-05
, 0.0011161668
, 0.0001332856
, 4.863303e-05
, 0.00038056527
, 7.9344485e-05
, 0.00010179278
, 3.3133587e-05
, 3.157078e-05
, 7.9326484e-05
, 8.937004e-05
, 3.387424e-05
, 2.6505477e-05
, 5.2407016e-05
, 3.062079e-05
, 4.4563203e-05
, 6.9761314e-05
, 6.2437975e-05
, 4.0770596e-05
, 3.7537124e-05
, 6.503195e-05
, 7.6710865e-05
, 0.0047643506
, 0.0020340937
, 2.6396254e-05
, 9.528126e-05
, 0.00010474934
, 0.00015140242
, 6.424671e-05
, 9.998274e-05
, 0.00010521976
, 0.000115345865
, 0.00022033119
, 4.615485e-05
, 0.00013272895
, 6.246114e-05
, 0.00012514631
, 2.7095648e-05
, 0.0014405437
, 0.00019256707
, 9.2875685e-05
, 9.978482e-05
, 3.1726155e-05
, 5.0277602e-05
, 5.5570792e-05
, 4.2086205e-05
, 0.003913201
, 8.2756866e-05
, 3.6804344e-05
, 0.0001126513
, 0.00011396003
, 0.00020947325
, 0.9860427
, 2.6705333e-05
, 3.4029978e-05
, 0.00029533362
, 6.3349486e-05
, 3.4468223e-05
, 4.9704722e-05
, 8.1554776e-05
, 6.674452e-05
, 4.644077e-05
, 2.9629537e-05
, 8.9076675e-05
, 6.233125e-05
, 4.769274e-05
, 2.0388503e-05
, 4.0522402e-05
, 2.5452515e-05
, 0.00013872619
, 0.00016896776
, 2.7494101e-05
, 2.1229078e-05
, 3.9945466e-05
, 9.5182455e-05
, 0.9760123
, 5.012006e-05
, 0.00024214764
, 9.985116e-05
, 5.1639505e-05
, 0.002351418
, 9.441849e-05
, 5.4025975e-05
, 9.940152e-05
, 0.00013104017
, 5.8669535e-05
, 5.8943544e-05
, 6.351486e-05
, 9.212214e-05
, 3.7567417e-05
, 3.8507595e-05
, 0.00010059872
, 0.0073182946
, 0.00042025177
, 0.00048164214
, 3.038323e-05
, 9.543866e-05
, 3.134166e-05
, 3.567594e-05
, 7.8960446e-05
, 6.172407e-05
, 6.0932398e-05
, 3.3600285e-05
, 3.8588838e-05
, 5.3592783e-05
, 0.0008385294
, 3.519327e-05
, 0.0009175351
, 3.0915144e-05
, 4.8061742e-05
, 3.7533293e-05
, 4.4058248e-05
, 4.6214704e-05
, 3.7360773e-05
, 4.1592615e-05
, 3.2339074e-05
, 4.053775e-05
, 7.6929246e-05
, 0.004216513
, 3.2518135e-05
, 3.337896e-05
, 0.00012139213
, 3.6959696e-05
, 4.7300637e-05
, 0.9482946
, 0.00019298725
, 2.6818727e-05
, 0.00010234688
, 2.4304876e-05
, 4.9714345e-05
, 0.00012623458
, 0.00051792717
, 3.1724885e-05
, 0.00013985594
, 0.0005915736
, 8.94495e-05
, 0.19802462
, 2.0935866e-05
, 0.9191489
, 4.7817433e-05
, 2.9503022e-05
, 0.00011436227
, 4.394889e-05
, 0.00013227272
, 3.7853784e-05
, 5.144339e-05
, 0.00012891034
, 4.2929303e-05
, 0.07828854
, 2.5437446e-05
, 9.000129e-05
, 2.2748394e-05
, 0.00014882884
, 4.115392e-05
, 0.1582845
, 0.00026525636
, 5.3964184e-05
, 3.291653e-05
, 0.0001315013
, 2.393065e-05
, 8.442952e-05
, 7.063126e-05
, 0.00015930469
, 1.7925902e-05
, 0.00033543105
, 3.313204e-05
, 5.6208813e-05
, 5.359033e-05
, 7.583104e-05
, 4.758957e-05
, 5.9199738e-05
, 0.00010200042
, 0.00022302772
, 0.00016761885
, 0.0009036736
, 0.00048298298
, 4.0820705e-05
, 2.3313798e-05
, 7.0056645e-05
, 5.4081385e-05
, 0.00011758795
, 0.00016645282
, 0.0005692656
, 0.00019466404
, 0.00023015842
, 4.0768497e-05
, 2.4720879e-05
, 0.0011500644
, 0.0005640365
, 0.00015288536
, 3.356246e-05
, 7.799447e-05
, 0.00017155585
, 9.747511e-05
, 4.2358355e-05
, 0.0002042822
, 6.387944e-05
, 0.031260476
, 4.9896636e-05
, 0.65239626
, 4.3129592e-05
, 3.556751e-05
, 8.344629e-05
, 7.7901044e-05
, 7.311401e-05
, 6.779617e-05
, 4.4523742e-05
, 0.0008944813
, 0.0001627541
, 9.13033e-05
, 7.451721e-05
, 8.256067e-05
, 0.0002706329
, 0.0008255049
, 7.011472e-05
, 0.00019366156
, 9.0414534e-05
, 7.424378e-05
, 7.603436e-05
, 9.216475e-05
, 5.382752e-05
, 6.856898e-05
, 5.7031888e-05
, 4.4023764e-05
, 0.00010873784
, 3.073656e-05
, 0.00011821743
, 8.9496e-05
, 5.7154448e-05
, 4.1739433e-05
, 6.041208e-05
, 0.0012750244
, 7.094961e-05
, 0.0003560372
, 0.05729136
, 2.3177883e-05
, 4.356616e-05
, 8.2429615e-05
, 0.000107310574
, 0.0027176824
, 8.374084e-05
, 4.111661e-05
, 0.0012673446
, 5.0079067e-05
, 2.6712158e-05
, 0.00012531421
, 0.00012595658
, 0.36765185
, 0.00014379746
, 7.492142e-05
, 2.2785434e-05
, 2.8781125e-05
, 3.900413e-05
, 5.0598712e-05
, 3.376439e-05
, 2.1447118e-05
, 5.195925e-05
, 2.3130078e-05
, 4.0670755e-05
, 5.528468e-05
, 0.001244119
, 2.2925604e-05
, 0.00039954434
, 0.00086394727
, 8.2557366e-05
, 0.00029000902
, 4.3011547e-05
, 0.014596365
, 3.477829e-05
, 0.00020718023
, 0.00033094085
, 2.5976251e-05
, 4.2046413e-05
, 2.3054894e-05
, 0.003431345
, 6.17418e-05
, 8.160059e-05
, 3.405166e-05
, 5.1091287e-05
, 5.081956e-05
, 0.00047290942
, 6.060059e-05
, 4.954567e-05
, 0.93733025
, 3.6844936e-05
, 4.8414666e-05
, 4.7665235e-05
, 0.000100695084
, 3.0533894e-05
, 0.00012783108
, 5.2996886e-05
, 0.00066420797
, 8.02461e-05
, 5.617093e-05
, 8.678411e-05
, 9.274549e-05
, 0.013643739
, 6.253439e-05
, 3.9035203e-05
, 6.9086906e-05
, 4.40422e-05
, 5.561989e-05
, 0.00016475441
, 4.2317854e-05
, 3.3151286e-05
, 5.9690996e-05
, 7.03941e-05
, 4.5872133e-05
, 4.8117556e-05
, 3.8009654e-05
, 2.9739487e-05
, 8.7677814e-05
, 6.675566e-05
, 0.00011957395
, 0.00012081772
, 2.8714288e-05
, 3.3144745e-05
, 2.6690006e-05
, 4.047374e-05
, 5.2106774e-05
, 7.597167e-05
, 9.835343e-05
, 5.9064798e-05
, 4.265906e-05
, 4.773492e-05
, 2.9718962e-05
, 6.280272e-05
, 7.8829005e-05
, 6.119805e-05
, 3.1136755e-05
, 0.92353773
, 4.6647965e-05
, 0.00016225284
, 3.1476236e-05
, 3.3835433e-05
, 9.16913e-05
, 3.089071e-05
, 6.17604e-05
, 6.41473e-05
, 0.00029380978
, 3.7335732e-05
, 7.678083e-05
, 0.00034418693
, 0.0001660334
, 0.9800868
, 8.0233935e-05
, 1.8718747e-05
, 2.3469032e-05
, 0.00022051088
, 3.665317e-05
, 0.00019011
, 2.5972906e-05
, 0.009660973
, 5.2872303e-05
, 4.545184e-05
, 0.023021264
, 9.131278e-05
, 0.00017988746
, 2.71118e-05
, 5.6932175e-05
, 0.0006332002
, 6.5181644e-05
, 8.0645696e-05
, 5.04066e-05
, 0.0009973695
, 4.342277e-05
, 7.9876656e-05
, 5.5426575e-05
, 0.00014583545
, 0.043608803
, 3.982812e-05
, 8.639314e-05
, 4.8249523e-05
, 0.00013619599
, 7.052431e-05
, 6.2014056e-05
, 7.6439734e-05
, 3.2656768e-05
, 8.070563e-05
, 3.609106e-05
, 5.413355e-05
, 3.4412813e-05
, 2.919682e-05
, 6.106712e-05
, 0.00018124779
, 0.00013580383
, 0.0002175326
, 4.4660927e-05
, 6.209833e-05
, 0.14369966
, 3.3239543e-05
, 0.00049427216
, 5.7233912e-05
, 5.1902596e-05
, 0.00010006601
, 5.4795288e-05
, 6.1393344e-05
, 3.479422e-05
, 3.304123e-05
, 8.027571e-05
, 3.0177309e-05
, 5.076957e-05
, 9.0435664e-05
, 5.6954388e-05
, 0.00014330086
, 3.261133e-05
, 0.00029452748
, 5.8123635e-05
, 4.8789803e-05
, 2.3293973e-05
, 2.2998676e-05
, 9.168028e-05
, 4.5594064e-05
, 2.6990374e-05
, 7.0528e-05
, 5.0362105e-05
, 2.489956e-05
, 0.0002721178
, 2.5397017e-05
, 7.013519e-05
, 0.00022517318
, 0.19994043
, 2.6668356e-05
, 0.0001117253
, 4.6814235e-05
, 6.336501e-05
, 0.00028751284
, 2.1238433e-05
, 0.00020025409
, 5.389532e-05
, 3.2719458e-05
, 6.231645e-05
, 9.0511574e-05
, 0.00010065457
, 3.6517904e-05
, 7.853212e-05
, 6.50061e-05
, 9.5110874e-05
, 4.5912617e-05
, 0.0001902393
, 3.931506e-05
, 3.5665635e-05
, 8.930385e-05
, 3.502479e-05
, 2.42439e-05
, 0.0008693111
, 4.233364e-05
, 4.0837644e-05
, 5.130861e-05
, 4.3377036e-05
, 4.719412e-05
, 0.0012867876
, 2.2236236e-05
, 4.704835e-05
, 7.021482e-05
, 8.926682e-05
, 0.0024673834
, 5.6508597e-05
, 0.0001255745
, 8.417453e-05
, 2.8458959e-05
, 7.457707e-05
, 3.791712e-05
, 3.0736734e-05
, 7.8255594e-05
, 6.0047594e-05
, 4.3026765e-05
, 0.00010197553
, 0.00023250144
, 0.00013606696
, 4.2218657e-05
, 0.00018608606
, 5.7383382e-05
, 9.794462e-05
, 0.00013686385
, 5.5348402e-05
, 8.601722e-05
, 2.5558247e-05
, 9.3764764e-05
, 0.00016116763
, 0.027667942
, 8.136221e-05
, 0.0031401361
, 3.294511e-05
, 5.753873e-05
, 3.2324555e-05
, 2.8127732e-05
, 7.739229e-05
, 7.441744e-05
, 5.9516442e-05
, 0.0005843257
, 0.000107300846
, 0.22098528
, 0.00026954236
, 0.0001433238
, 3.3344157e-05
, 2.90744e-05
, 7.246514e-05
, 2.3361583e-05
, 5.723069e-05
, 1.876214e-05
, 0.00011096339
, 2.8750019e-05
, 4.515246e-05
, 0.000102653896
, 7.848638e-05
, 8.938931e-05
, 7.8905796e-05
, 2.1355581e-05
, 8.059326e-05
, 3.5538927e-05
, 6.482144e-05
, 3.901745e-05
, 0.00030699756
, 6.887115e-05
, 0.00032974913
, 6.739317e-05
, 3.186731e-05
, 4.2941792e-05
, 8.734993e-05
, 0.0001437836
, 2.6706173e-05
, 3.5945766e-05
, 4.506982e-05
, 0.20079608
, 4.6819056e-05
, 0.00014623775
, 0.00011658102
, 5.7399033e-05
, 4.8157446e-05
, 0.97996294
, 0.00027077098
, 4.2205815e-05
, 0.00042000567
, 0.0033885173
, 5.994895e-05
, 4.329814e-05
, 5.2929056e-05
, 4.656876e-05
, 2.0074272e-05
, 2.807794e-05
, 0.0003142956
, 2.1605061e-05
, 5.00859e-05
, 0.00012695209
, 0.00024820265
, 0.07828854
, 0.009742644
, 6.5338034e-05
, 6.721911e-05
, 4.880637e-05
, 4.1056624e-05
, 3.2829976e-05
, 4.143292e-05
, 7.562825e-05
, 2.9493094e-05
, 2.4650677e-05
, 2.7352984e-05
, 2.423909e-05
, 0.00015726147
, 3.7221762e-05
, 5.1687537e-05
, 0.0001706655
, 3.5084562e-05
, 2.3182987e-05
, 0.2216124
, 2.137251e-05
, 2.508427e-05
, 2.9707175e-05
, 0.00011940737
, 9.210861e-05
, 2.2343624e-05
, 5.2930416e-05
, 0.00090943073
, 4.6863282e-05
, 3.7166603e-05
, 6.8562316e-05
, 2.6127676e-05
, 3.3736676e-05
, 5.6475525e-05
, 0.0001129458
, 4.322384e-05
, 3.551748e-05
, 5.877112e-05
, 3.0121446e-05
, 6.265897e-05
, 4.1266234e-05
, 3.4725632e-05
, 0.94742423
, 6.04485e-05
, 7.580523e-05
, 0.029256077
, 4.7788075e-05
, 0.00072558806
, 0.00015038604
, 2.3930514e-05
, 1.687325e-05
, 0.00015712778
, 2.6481703e-05
, 0.00011262413
, 6.268503e-05
, 5.871056e-05
, 3.571533e-05
, 0.00017529387
, 0.09902407
, 7.3687894e-05
, 0.00030988822
, 3.5901092e-05
, 5.9520247e-05
, 7.789428e-05
, 9.6586955e-05
, 0.00016430792
, 0.0003491722
, 2.981164e-05
, 0.000103332335
, 3.6664846e-05
, 5.757386e-05
, 5.4075663e-05
, 7.518738e-05
, 0.00063602085
, 5.5378605e-05
, 7.185835e-05
, 5.248028e-05
, 3.0431569e-05
, 0.02249558
, 4.5574325e-05
, 0.0002006063
, 0.00025560547
, 5.4946722e-05
, 3.8248327e-05
, 8.099938e-05
, 5.9925747e-05
, 3.7361413e-05
, 0.000122231
, 4.3477754e-05
, 5.3791708e-05
, 7.152936e-05
, 0.0001036681
, 4.8859227e-05
, 0.0001630287
, 6.263269e-05
, 4.84909e-05
, 2.5317337e-05
, 3.50102e-05
, 3.8714934e-05
, 5.025464e-05
, 0.00010404224
, 3.5974812e-05
, 2.245241e-05
, 4.195373e-05
, 2.6749045e-05
, 0.1562629
, 5.4918015e-05
, 0.6811389
, 3.032996e-05
, 2.6053529e-05
, 6.090829e-05
, 0.016682819
, 5.6701578e-05
, 3.5747733e-05
, 0.00014625337
, 2.8030423e-05
, 0.9741246
, 0.00012433593
, 6.0567538e-05
, 4.0472234e-05
, 0.007201267
, 9.7861615e-05
, 4.347958e-05
, 0.0002901553
, 0.00042743722
, 0.0010965227
, 3.4735767e-05
, 5.9444632e-05
, 6.4204025e-05
, 8.646493e-05
, 7.185458e-05
, 2.5766587e-05
, 0.00010408899
, 2.8941231e-05
, 0.002474335
, 0.0015314966
, 3.2792865e-05
, 3.4482884e-05
, 5.334213e-05
, 4.0379906e-05
, 0.000103388025
, 2.3436849e-05
, 8.208917e-05
, 9.355033e-05
, 5.369335e-05
, 0.00010153094
, 3.5829646e-05
, 0.00014025191
, 0.00013964086
, 0.00016310581
, 0.000104657986
, 3.948248e-05
, 3.707464e-05
, 4.94949e-05
, 0.009594656
, 3.4192853e-05
, 0.0011599113
, 0.00011215066
, 0.9524736
, 0.0003435441
, 0.1651745
, 3.195541e-05
, 3.6383415e-05
, 6.02734e-05
, 0.00012279348
, 0.00052854436
, 7.7003155e-05
, 4.368239e-05
, 3.0524694e-05
, 0.00013399348
, 0.0006180009
, 2.6719421e-05
, 2.5266832e-05
, 0.00016848832
, 3.719288e-05
, 0.00042686125
, 3.509969e-05
, 4.1629122e-05
, 3.4332275e-05
, 4.201763e-05
, 5.9992704e-05
, 0.000215501
, 3.7615206e-05
, 0.00022617738
, 2.7372187e-05
, 7.558838e-05
, 4.1068804e-05
, 9.2775124e-05
, 0.00015843743
, 7.0060385e-05
, 8.4005966e-05
, 0.0006070675
, 0.000102650076
, 5.9740425e-05
, 0.00027029897
, 3.4493147e-05
, 0.00017471268
, 6.780542e-05
, 6.151524e-05
, 3.9299837e-05
, 4.332499e-05
, 4.246363e-05
, 8.870684e-05
, 4.014814e-05
, 0.00010043176
, 4.063505e-05
, 4.8263326e-05
, 4.1086198e-05
, 4.0707037e-05
, 0.00029539925
, 7.42539e-05
, 0.0001659636
, 0.0003643713
, 6.2218714e-05
, 9.9831836e-05
, 0.00015280914
, 5.4640575e-05
, 2.791111e-05
, 8.332304e-05
, 7.469913e-05
, 0.06519706
, 9.12522e-05
, 8.106181e-05
, 2.5107196e-05
, 3.484748e-05
, 6.913587e-05
, 2.4505942e-05
, 5.055699e-05
, 0.00023715274
, 7.264725e-05
, 5.9746344e-05
, 2.3434635e-05
, 0.024588933
, 7.942745e-05
, 0.00016656953
, 0.00013330365
, 6.4060005e-05
, 3.4457047e-05
, 4.855476e-05
, 0.003913875
, 4.6550642e-05
, 4.1516843e-05
, 4.341457e-05
, 5.5102253e-05
, 0.00015449016
, 0.0003383084
, 3.7498055e-05
, 1.7226019e-05
, 0.00010051108
, 2.8301361e-05
, 5.687796e-05
, 6.3807536e-05
, 3.0827796e-05
, 4.6372177e-05
, 5.373992e-05
, 0.00023353453
, 5.7657697e-05
, 5.038238e-05
, 3.692813e-05
, 0.760378
, 0.24957384
, 0.00020945429
, 9.89557e-05
, 4.8982016e-05
, 4.629494e-05
, 5.8448342e-05
, 3.776516e-05
, 7.198022e-05
, 9.080257e-05
, 5.4018143e-05
, 3.806105e-05
, 0.000808275
, 4.626365e-05
, 0.00012909411
, 4.2574527e-05
, 9.539244e-05
, 2.3139874e-05
, 0.00014401715
, 0.00045552407
, 0.00014488227
, 4.6274417e-05
, 0.00048277446
, 0.00011103304
, 6.991756e-05
, 6.0479288e-05
, 0.000428914
, 0.0007446283
, 4.080179e-05
, 0.00026712017
, 0.00028211018
, 3.9372386e-05
, 7.781862e-05
, 4.5405057e-05
, 4.291326e-05
, 0.00015144054
, 0.000632654
, 8.613796e-05
, 0.0011870567
, 0.00036071142
, 3.953236e-05
, 9.546989e-05
, 4.238466e-05
, 9.78257e-05
, 3.434698e-05
, 0.025126012
, 2.8032027e-05
, 5.6042147e-05
, 2.7806675e-05
, 0.00010842576
, 8.031239e-05
, 5.60111e-05
, 7.7212346e-05
, 0.0006894496
, 0.00018794736
, 5.0844526e-05
, 3.5736113e-05
, 6.438656e-05
, 4.0857663e-05
, 5.1397248e-05
, 2.3428445e-05
, 2.0965095e-05
, 3.319206e-05
, 3.1318385e-05
, 3.6497535e-05
, 4.5973124e-05
, 3.0325451e-05
, 0.00010067233
, 3.4047604e-05
, 4.083686e-05
, 0.00015653229
, 3.526826e-05
, 0.00015216907
, 4.4034976e-05
, 6.051974e-05
, 2.9136465e-05
, 0.0018798602
, 7.0169575e-05
, 2.2500275e-05
, 0.00019136762
, 3.6383102e-05
, 3.899223e-05
, 3.468919e-05
, 4.8206883e-05
, 3.0886324e-05
, 0.00012658534
, 0.00010081787
, 9.351519e-05
, 0.0001298274
, 0.00019921143
, 7.9371806e-05
, 5.3777083e-05
, 0.001024002
, 0.2874879
, 3.477239e-05
, 0.0072010215
, 4.9903156e-05
, 9.706189e-05
, 4.3331806e-05
, 2.9222756e-05
, 0.00011151827
, 0.9914586
, 0.00024097004
, 3.8491293e-05
, 0.0002214757
, 5.6070694e-05
, 5.4044525e-05
, 0.0001948646
, 2.1138874e-05
, 0.0005735513
, 6.664149e-05
, 4.1569456e-05
, 0.00011376753
, 4.332747e-05
, 4.636024e-05
, 0.00064962014
, 4.6081055e-05
, 6.936536e-05
, 0.00015558931
, 3.777247e-05
, 0.04356698
, 3.1499236e-05
, 0.0001168898
, 0.00042679635
, 4.4037413e-05
, 3.9010865e-05
, 7.773185e-05
, 0.97355515
, 8.713438e-05
, 4.714028e-05
, 5.2307358e-05
, 0.9658668
, 7.152773e-05
, 6.577501e-05
, 0.0011035532
, 0.00012959252
, 3.3077325e-05
, 4.078417e-05
, 8.959711e-05
, 9.1097616e-05
, 7.597711e-05
, 4.2306357e-05
, 5.8819056e-05
, 3.7347734e-05
, 3.140398e-05
, 9.325471e-05
, 2.7616346e-05
, 7.6621676e-05
, 2.7209502e-05
, 6.34297e-05
, 0.000102673665
, 4.2102543e-05
, 3.4598503e-05
, 5.1901457e-05
, 0.000102314785
, 2.3163431e-05
, 6.316212e-05
, 6.251555e-05
, 2.4525554e-05
, 6.761455e-05
, 7.021763e-05
, 0.00011497996
, 0.00010766675
, 3.8936865e-05
, 5.4572567e-05
, 0.00024574008
, 0.00019900753
, 6.407344e-05
, 8.658836e-05
, 4.8230613e-05
, 6.042239e-05
, 0.0001420273
, 0.0001460421
, 7.97098e-05
, 0.00017451687
, 2.590278e-05
, 5.2189123e-05
, 0.00023170564
, 7.558752e-05
, 5.0959716e-05
, 0.00011062447
, 6.426057e-05
, 0.00021234242
, 2.8675977e-05
, 8.543412e-05
, 4.8992664e-05
, 0.0001828477
, 4.05248e-05
, 5.0688297e-05
, 8.564228e-05
, 0.00014781253
, 7.309658e-05
, 0.00013014644
, 7.02922e-05
, 3.7113336e-05
, 5.052884e-05
, 4.3734744e-05
, 7.794949e-05
, 2.7077305e-05
, 0.00015970881
, 3.8878574e-05
, 3.2891803e-05
, 6.780134e-05
, 0.98994523
, 5.1378727e-05
, 5.5475703e-05
, 2.147499e-05
, 0.0019734427
, 4.6507204e-05
, 2.040679e-05
, 6.2558785e-05
, 4.580324e-05
, 0.000114257404
, 7.176063e-05
, 4.5215023e-05
, 3.4494067e-05
, 0.6386247
, 8.872554e-05
, 0.00019592691
, 2.8161525e-05
, 0.00013668934
, 5.1277795e-05
, 2.1770458e-05
, 7.042323e-05
, 0.0001376276
, 6.175375e-05
, 9.906352e-05
, 6.936734e-05
, 4.728864e-05
, 3.3353666e-05
, 5.0265666e-05
, 6.53128e-05
, 0.00011774403
, 0.0004949296
, 3.8392787e-05
, 0.000110916
, 4.4681285e-05
, 0.02047291
, 0.00013375847
, 4.38695e-05
, 5.5889883e-05
, 7.046132e-05
, 3.1090764e-05
, 8.0232865e-05
, 3.245252e-05
, 3.839257e-05
, 2.2137825e-05
, 4.6337213e-05
, 5.7317477e-05
, 5.6559013e-05
, 4.2382962e-05
, 0.00013910065
, 0.00018997012
, 2.4788513e-05
, 0.00018046523
, 3.712073e-05
, 0.0005526651
, 6.341458e-05
, 8.253218e-05
, 8.787477e-05
, 8.256689e-05
, 4.1594754e-05
, 8.442485e-05
, 0.00012355788
, 0.00017318378
, 0.00022040852
, 4.0469535e-05
, 0.0039401073
, 4.0975658e-05
, 2.5083049e-05
, 0.00018277936
, 9.941603e-05
, 5.4003824e-05
, 2.6324256e-05
, 3.4231714e-05
, 5.9888727e-05
, 3.666635e-05
, 5.5003817e-05
, 6.734294e-05
, 4.3795135e-05
, 3.642386e-05
, 3.8090573e-05
, 0.00016852785
, 5.3981323e-05
, 0.006777203
, 3.6323094e-05
, 0.00013242479
, 0.9540083
, 4.3004617e-05
, 0.016687417
, 6.096982e-05
, 0.00022532653
, 0.000102143895
, 0.00010495341
, 0.000216994
, 4.084987e-05
, 4.4988232e-05
, 8.4869294e-05
, 0.00011653
, 0.00020553613
, 3.236181e-05
, 0.00031123508
, 0.00022040178
, 3.244568e-05
, 3.5903595e-05
, 2.6265154e-05
, 4.104817e-05
, 0.00014721739
, 3.994356e-05
, 7.0125825e-05
, 0.00011958934
, 0.000983283
, 0.003373722
, 7.42173e-05
, 4.362906e-05
, 0.00014620861
, 2.274911e-05
, 8.043618e-05
, 0.00025306203
, 7.031539e-05
, 7.1646165e-05
, 2.2697253e-05
, 0.0022035472
, 6.118329e-05
, 0.00010915276
, 9.591903e-05
, 2.4382462e-05
, 5.811039e-05
, 5.7130794e-05
, 4.5190194e-05
, 3.2914584e-05
, 0.00044461383
, 6.2585874e-05
, 0.0003393107
, 6.0388174e-05
, 3.9926348e-05
, 8.207994e-05
, 4.319265e-05
, 9.1910326e-05
, 5.4116208e-05
, 8.565061e-05
, 5.1927498e-05
, 0.00088224525
, 0.0001798777
, 0.0006105039
, 0.00024764313
, 3.870194e-05
, 2.9172776e-05
, 6.816874e-05
, 5.4398664e-05
, 0.0018483037
, 6.1831175e-05
, 4.5673045e-05
, 0.0028721634
, 3.0492572e-05
, 8.8745845e-05
, 0.0046181437
, 0.000690892
, 3.1911677e-05
, 7.093372e-05
, 9.085263e-05
, 3.043125e-05
, 2.6885535e-05
, 3.6139623e-05
, 4.2983418e-05
, 1.98546e-05
, 4.9936098e-05
, 0.00037882963
, 3.7908696e-05
, 4.1559273e-05
, 0.00010217273
, 6.3001804e-05
, 0.00012516254
, 9.012788e-05
, 5.109655e-05
, 3.8110666e-05
, 0.00015456163
, 6.1003848e-05
, 9.8972865e-05
, 5.975672e-05
, 6.3533276e-05
, 9.073886e-05
, 2.5174231e-05
, 0.00010367255
, 0.00013221105
, 4.1857857e-05
, 0.00019650595
, 5.3273907e-05
, 8.1138765e-05
, 4.8577036e-05
, 3.2964028e-05
, 3.0387084e-05
, 0.00021030416
, 0.00018652005
, 2.1784976e-05
, 4.5312572e-05
, 4.081724e-05
, 8.4596664e-05
, 0.00017592715
, 0.0001376276
, 0.00012882985
, 2.967464e-05
, 5.2448366e-05
, 3.668681e-05
, 3.24411e-05
, 0.96131194
, 7.9129364e-05
, 4.5468274e-05
, 4.15132e-05
, 3.7575122e-05
, 7.4675554e-05
, 5.5636174e-05
, 2.9980794e-05
, 3.0142364e-05
, 3.9847e-05
, 6.642197e-05
, 7.4177675e-05
, 7.078114e-05
, 0.9838261
, 9.689766e-05
, 0.00011233057
, 3.548579e-05
, 4.028648e-05
, 8.4715095e-05
, 5.6328365e-05
, 4.1197465e-05
, 0.00033407565
, 0.00017719551
, 0.00045702982
, 0.0002945224
, 4.736884e-05
, 3.60752e-05
, 5.2238665e-05
, 0.00037169748
, 3.5501973e-05
, 0.0031380577
, 3.7240756e-05
, 8.295977e-05
, 0.12376314
, 4.6063084e-05
, 3.2858916e-05
, 0.00018586706
, 1.7393653e-05
, 5.1405485e-05
, 0.00021290053
, 0.027039154
, 3.9192648e-05
, 4.2118045e-05
, 9.800385e-05
, 4.786849e-05
, 5.190037e-05
, 0.00010909221
, 9.006353e-05
, 0.000100528145
, 7.361984e-05
, 2.4248386e-05
, 0.46415082
, 2.9543904e-05
, 0.0055520018
, 0.9872716
, 4.9304817e-05
, 9.4588904e-05
, 2.7086473e-05
, 0.00012146705
, 5.9924434e-05
, 0.00010732909
, 5.9823084e-05
, 2.2480714e-05
, 6.5968175e-05
, 5.480888e-05
, 0.00029585668
, 5.4997363e-05
, 3.178554e-05
, 8.35502e-05
, 2.8354014e-05
, 0.00016340284
, 3.2904478e-05
, 3.7942948e-05
, 2.737809e-05
, 9.766584e-05
, 4.061851e-05
, 8.33294e-05
, 3.3410393e-05
, 3.0436764e-05
, 1.8494815e-05
, 4.3701726e-05
, 0.00016351053
, 6.524687e-05
, 0.00058227894
, 5.6034078e-05
, 5.2106774e-05
, 3.0581483e-05
, 6.851624e-05
, 3.6655056e-05
, 7.626354e-05
, 0.00011974647
, 0.0001571414
, 4.7490375e-05
, 7.6073746e-05
, 0.9635642
, 3.0644365e-05
, 0.00028990288
, 6.6943976e-05
, 7.3067444e-05
, 2.013841e-05
, 4.171623e-05
, 0.00028309494
, 8.926349e-05
, 6.446434e-05
, 4.4915785e-05
, 8.9928966e-05
, 0.0005801694
, 3.337931e-05
, 6.668548e-05
, 4.9995513e-05
, 4.6525394e-05
, 6.770863e-05
, 0.00040893487
, 0.00012952296
, 1.608353e-05
, 0.0002163451
, 0.001440632
, 4.795777e-05
, 5.013306e-05
, 9.6949785e-05
, 2.6692856e-05
, 4.378545e-05
, 3.0705563e-05
, 2.9666067e-05
, 2.1941245e-05
, 2.4429593e-05
, 0.00022270133
, 3.1543637e-05
, 0.8700637
, 4.090238e-05
, 0.000195252
, 0.00015471438
, 9.929844e-05
, 5.2788524e-05
, 5.938401e-05
, 0.958499
, 5.8300047e-05
, 2.888534e-05
, 3.401278e-05
, 0.00011353387
, 4.534093e-05
, 0.00020213387
, 5.502165e-05
, 8.44222e-05
, 5.471321e-05
, 0.0027770426
, 2.6362417e-05
, 8.907685e-05
, 3.3844564e-05
, 0.00012122162
, 5.818724e-05
, 3.6553127e-05
, 2.429264e-05
, 7.5498625e-05
, 2.4212823e-05
, 0.16311775
, 0.00014177088
, 0.00020180784
, 3.140901e-05
, 0.0001337359
, 2.8474187e-05
, 0.00023075081
, 3.0811836e-05
, 0.00010153094
, 2.5746102e-05
, 2.5141197e-05
, 4.0931292e-05
, 5.035735e-05
, 2.9133073e-05
, 3.6233934e-05
, 0.019767657
, 3.789366e-05
, 4.4669614e-05
, 0.00021179285
, 4.0649975e-05
, 2.5149397e-05
, 4.1264386e-05
, 4.438702e-05
, 7.4869e-05
, 8.8447705e-05
, 3.024017e-05
, 0.00044068022
, 0.00019216942
, 0.0002000373
, 3.4167137e-05
, 5.3687672e-05
, 4.331743e-05
, 2.7627226e-05
, 4.9163165e-05
, 7.687542e-05
, 6.989336e-05
, 3.5986275e-05
, 6.2047715e-05
, 4.793797e-05
, 8.4089246e-05
, 2.858184e-05
, 2.6894355e-05
, 8.906394e-05
, 0.2529073
, 0.00024906694
, 0.0006542637
, 0.00037652464
, 0.00019586884
, 2.9107832e-05
, 4.3585234e-05
, 7.158873e-05
, 8.619302e-05
, 0.00015348307
, 0.00013911577
, 3.253082e-05
, 6.304929e-05
, 6.317773e-05
, 3.3187884e-05
, 4.192805e-05
, 0.00012109707
, 3.9220802e-05
, 0.00014347259
, 6.925716e-05
, 1.9922578e-05
, 4.5171622e-05
, 0.00015180126
, 0.00012110031
, 0.00014219098
, 5.6613026e-05
, 2.2401595e-05
, 5.480674e-05
, 0.0016654799
, 4.6293266e-05
, 2.9430916e-05
, 5.045378e-05
, 3.5642584e-05
, 5.007463e-05
, 3.0440742e-05
, 4.8179725e-05
, 3.266561e-05
, 2.6462087e-05
, 9.05184e-05
, 3.533326e-05
, 2.7637107e-05
, 8.109947e-05
, 2.2663813e-05
, 2.3019413e-05
, 0.00010565088
, 0.0013291454
, 2.9056579e-05
, 0.00011379009
, 0.00012266019
, 4.168601e-05
, 7.731903e-05
, 0.00011307113
, 5.3639924e-05
, 0.00016865387
, 0.00013907334
, 8.068639e-05
, 9.29641e-05
, 6.672957e-05
, 4.433418e-05
, 6.0019254e-05
, 0.00017048579
, 2.3436602e-05
, 4.283966e-05
, 0.00013705778
, 7.28069e-05
, 5.7049783e-05
, 3.4424203e-05
, 2.9458268e-05
, 4.0777442e-05
, 5.749797e-05
, 9.818157e-05
, 2.3343207e-05
, 0.00018673234
, 2.9403032e-05
, 5.8699366e-05
, 6.825297e-05
, 0.00014443495
, 6.350844e-05
, 6.2984924e-05
, 7.43487e-05
, 3.8780337e-05
, 7.953e-05
, 0.0001007555
, 0.0003264616
, 4.576085e-05
, 4.234729e-05
, 6.875376e-05
, 7.5494594e-05
, 3.0354382e-05
, 3.623231e-05
, 0.11243685
, 0.24639957
, 4.0681425e-05
, 2.9423563e-05
, 0.00013982861
, 4.4538345e-05
, 3.8298956e-05
, 4.6570713e-05
, 4.1820233e-05
, 4.782701e-05
, 6.223895e-05
, 7.389132e-05
, 5.984117e-05
, 4.253776e-05
, 4.6874586e-05
, 0.009528042
, 4.042302e-05
, 5.116906e-05
, 0.0011065423
, 0.00019295856
, 8.581338e-05
, 2.3168335e-05
, 5.570301e-05
, 2.6810005e-05
, 6.0417264e-05
, 4.824611e-05
, 2.5239518e-05
, 3.64785e-05
, 3.6012538e-05
, 2.7984272e-05
, 8.533242e-05
, 8.332479e-05
, 0.0010597127
, 4.052708e-05
, 0.00023076555
, 0.00010554726
, 6.356728e-05
, 2.9493372e-05
, 5.6059194e-05
, 3.7066256e-05
, 3.9499613e-05
, 3.8528422e-05
, 7.529917e-05
, 0.0016844943
, 7.340525e-05
, 0.0003170989
, 0.0001233594
, 0.0001791048
, 0.0021624505
, 0.00045739175
, 3.44891e-05
, 4.372624e-05
, 4.259297e-05
, 7.4682815e-05
, 4.3802862e-05
, 0.0026221965
, 0.00037799124
, 0.00010357837
, 3.4842993e-05
, 0.00019947754
, 2.4498488e-05
, 9.510471e-05
, 4.7746988e-05
, 5.0176823e-05
, 9.614751e-05
, 3.490249e-05
, 3.146198e-05
, 4.9918766e-05
, 6.768958e-05
, 6.1332896e-05
, 4.0972613e-05
, 0.00017436269
, 0.02403292
, 4.4857738e-05
, 0.004776269
, 0.00010932537
, 3.3698896e-05
, 9.523439e-05
, 0.000111357076
, 2.8286684e-05
, 0.00019615292
, 3.9658324e-05
, 2.6829879e-05
, 8.45557e-05
, 1.9123572e-05
, 4.7685196e-05
, 4.011431e-05
, 0.0063422294
, 4.0831605e-05
, 2.5151026e-05
, 7.362651e-05
, 7.0184025e-05
, 3.509678e-05
, 7.826537e-05
, 0.00016837173
, 7.884435e-05
, 4.287117e-05
, 3.2845506e-05
, 0.00014300656
, 4.5766872e-05
, 8.043088e-05
, 0.6831129
, 0.006491058
, 7.560821e-05
, 7.8910016e-05
, 2.6217705e-05
, 5.5907043e-05
, 5.7266563e-05
, 2.1894508e-05
, 9.1787704e-05
, 6.860234e-05
, 0.0002278364
, 0.00021913886
, 3.997927e-05
, 0.00011184799
, 0.0019804405
, 0.00016020435
, 8.097011e-05
, 3.8114194e-05
, 0.00057727686
, 0.000244917
, 7.54766e-05
, 5.2272502e-05
, 5.18834e-05
, 0.00012353915
, 0.00010474445
, 7.448254e-05
, 5.8001322e-05
, 5.5774188e-05
, 0.0003246865
, 4.836727e-05
, 4.291776e-05
, 0.00042391606
, 0.00093326444
, 3.522567e-05
, 6.258528e-05
, 0.00013629966
, 0.00022085596
, 4.905564e-05
, 0.000112693306
, 5.0869112e-05
, 8.6125154e-05
, 2.1118261e-05
, 8.9922025e-05
, 7.905267e-05
, 0.00011547727
, 2.622263e-05
, 0.0034649232
, 9.780564e-05
, 0.0011004432
, 2.0845715e-05
, 0.0008970586
, 2.630649e-05
, 0.016703138
, 0.008388434
, 3.756692e-05
, 6.7295754e-05
, 0.00021228899
, 3.429785e-05
, 6.3301595e-05
, 6.768958e-05
, 0.00019255164
, 2.9840965e-05
, 0.00029380978
, 0.00079667487
, 3.819311e-05
, 4.9016315e-05
, 0.00136963
, 3.859999e-05
, 0.0004138618
, 8.209833e-05
, 0.00016261681
, 2.674833e-05
, 1.802079e-05
, 3.5044333e-05
, 0.00017165433
, 8.9316025e-05
, 5.0266095e-05
, 5.3030508e-05
, 3.2702454e-05
, 4.3585314e-05
, 4.2052987e-05
, 7.753604e-05
, 0.020858679
, 2.798048e-05
, 2.6876307e-05
, 0.0007035878
, 5.4413653e-05
, 8.8618835e-05
, 2.9731775e-05
, 0.0006108522
, 0.00035164822
, 0.0001425771
, 2.425831e-05
, 0.0004627954
, 0.00045675217
, 3.5230743e-05
, 3.665195e-05
, 2.7412914e-05
, 4.440743e-05
, 7.6151984e-05
, 4.594463e-05
, 0.00011284041
, 0.00014506848
, 7.115559e-05
, 0.00023731377
, 5.228925e-05
, 3.9978582e-05
, 2.8477041e-05
, 8.326196e-05
, 5.5203127e-05
, 8.7004024e-05
, 6.869844e-05
, 7.4296964e-05
, 7.6650394e-05
, 4.4879263e-05
, 4.5834266e-05
, 6.833321e-05
, 2.3619963e-05
, 0.00013175723
, 3.6447662e-05
, 0.00010265253
, 2.7425884e-05
, 7.946018e-05
, 6.287871e-05
, 3.4137403e-05
, 0.00012484084
, 2.7116352e-05
, 0.00014726962
, 0.00010303803
, 2.8209208e-05
, 3.6121914e-05
, 2.849168e-05
, 2.901499e-05
, 0.00013957363
, 4.7354297e-05
, 5.9591293e-05
, 4.1208663e-05
, 3.158051e-05
, 0.00015555044
, 4.3219305e-05
, 0.0111765135
, 4.1374005e-05
, 4.0830324e-05
, 5.3937943e-05
, 3.5494355e-05
, 0.0012057665
, 0.10792843
, 0.0001864859
, 5.2405918e-05
, 7.931136e-05
, 4.0209216e-05
, 7.257517e-05
, 7.906352e-05
, 4.9530598e-05
, 7.901588e-05
, 3.6863672e-05
, 8.680645e-05
, 5.864185e-05
, 6.9868904e-05
, 7.3524774e-05
, 0.00010991901
, 3.6758778e-05
, 7.544897e-05
, 5.0361432e-05
, 2.5390573e-05
, 0.0027769052
, 0.00010370152
, 3.115348e-05
, 0.9780002
, 3.9128638e-05
, 0.0009674131
, 3.7997004e-05
, 0.00019457442
, 5.995724e-05
, 0.00012914116
, 0.93171567
, 6.29453e-05
, 0.003356596
, 4.1346753e-05
, 7.795075e-05
, 3.8206224e-05
, 4.7360212e-05
, 4.418523e-05
, 2.2081678e-05
, 0.0001399524
, 0.00016308125
, 3.94856e-05
, 4.0577546e-05
, 0.0001377807
, 0.00080581364
, 9.384527e-05
, 4.0877658e-05
, 5.2378287e-05
, 5.9685415e-05
, 2.7534692e-05
, 0.0001371221
, 8.0312544e-05
, 3.111004e-05
, 0.0006952238
, 0.00029674455
, 4.8445007e-05
, 4.1266234e-05
, 2.0635995e-05
, 6.051968e-05
, 0.00019583578
, 3.8189868e-05
, 3.767207e-05
, 4.34359e-05
, 0.0003671019
, 0.02706533
, 4.825808e-05
, 4.1917654e-05
, 0.000163805
, 6.0852613e-05
, 5.345283e-05
, 3.530807e-05
, 3.2422173e-05
, 3.187755e-05
, 3.435818e-05
, 0.00016257806
, 0.00012946925
, 0.00016754743
, 2.6304733e-05
, 8.2146886e-05
, 4.8072194e-05
, 0.00010892443
, 7.1386676e-05
, 4.9754424e-05
, 3.2141044e-05
, 4.636289e-05
, 0.00016456239
, 4.7954156e-05
, 0.046238866
, 2.6295404e-05
, 0.006458748
, 3.271234e-05
, 4.0833434e-05
, 7.2080846e-05
, 0.0010899933
, 8.597138e-05
, 0.00010000258
, 0.00047455472
, 4.619272e-05
, 3.1327792e-05
, 4.3941476e-05
, 0.00016479826
, 5.5481574e-05
, 5.6042307e-05
, 5.9806312e-05
, 5.448973e-05
, 3.672563e-05
, 2.8434164e-05
, 8.167487e-05
, 3.1822605e-05
, 5.1464296e-05
, 3.6698115e-05
, 7.2298455e-05
, 4.146948e-05
, 4.831154e-05
, 5.1268842e-05
, 0.0002639712
, 5.6826677e-05
, 0.00011702765
, 3.11432e-05
, 0.00015196143
, 0.00010971062
, 3.4736895e-05
, 6.256332e-05
, 0.002467693
, 0.00012583112
, 3.4688e-05
, 0.0012682918
, 0.0001166097
, 5.0314964e-05
, 3.261385e-05
, 3.965432e-05
, 0.0002021946
, 2.5890531e-05
, 4.804117e-05
, 0.00011799681
, 7.269922e-05
, 8.40595e-05
, 5.7123438e-05
, 5.7988218e-05
, 7.5935386e-05
, 0.00018038643
, 3.4109904e-05
, 7.8257464e-05
, 8.723131e-05
, 0.014249554
, 1.8378403e-05
, 3.8480503e-05
, 0.015016483
, 3.9234084e-05
, 3.6184178e-05
, 9.266867e-05
, 4.433215e-05
, 8.095297e-05
, 7.1282455e-05
, 2.346863e-05
, 0.0058914707
, 5.0214403e-05
, 3.2171007e-05
, 0.025108136
, 3.4531917e-05
, 3.6622147e-05
, 0.00014956834
, 0.0001301519
, 3.348353e-05
, 2.7688287e-05
, 6.856258e-05
, 2.399434e-05
, 5.763027e-05
, 7.6197095e-05
, 0.00014821222
, 4.036593e-05
, 4.2073403e-05
, 6.446311e-05
, 6.390478e-05
, 6.8778616e-05
, 8.8972265e-05
, 0.0001238536
, 0.00048619122
, 0.00022920186
, 5.2911495e-05
, 8.694265e-05
, 3.2398806e-05
, 0.0001647596
, 0.00014803342
, 4.1263283e-05
, 0.00010058693
, 3.6553265e-05
, 0.00014049445
, 5.8271755e-05
, 5.432671e-05
, 4.1550036e-05
, 6.7715664e-05
, 6.16753e-05
, 8.563836e-05
, 0.00041426576
, 3.8728413e-05
, 5.3647294e-05
, 6.396496e-05
, 8.006189e-05
, 4.4056145e-05
, 6.567874e-05
, 0.00018488854
, 2.0356409e-05
, 2.8945258e-05
, 4.1249867e-05
, 3.0669744e-05
, 0.0001369487
, 4.9275393e-05
, 6.785716e-05
, 5.6267803e-05
, 5.195375e-05
, 8.560717e-05
, 5.4923148e-05
, 6.0202114e-05
, 6.6452194e-05
, 5.8030477e-05
, 5.692186e-05
, 6.461555e-05
, 2.4462139e-05
, 5.0156777e-05
, 3.5341756e-05
, 4.086417e-05
, 5.294097e-05
, 1.8073162e-05
, 6.62585e-05
, 7.532108e-05
, 5.509374e-05
, 0.00032664122
, 3.6628884e-05
, 0.0001002016
, 4.5956378e-05
, 4.0157676e-05
, 4.70457e-05
, 6.10822e-05
, 7.908629e-05
, 2.2378981e-05
, 0.00015039364
, 3.9446197e-05
, 4.3289427e-05
, 3.0077901e-05
, 3.526735e-05
, 0.00022314896
, 4.3008265e-05
, 4.555977e-05
, 0.00084145204
, 5.4236898e-05
, 0.0016549715
, 4.9004302e-05
, 6.2370316e-05
, 4.4866807e-05
, 7.13276e-05
, 2.2388629e-05
, 6.1672945e-05
, 5.790433e-05
, 3.9954117e-05
, 0.00010491368
, 0.00015767153
, 3.937032e-05
, 7.767702e-05
, 0.00018386677
, 0.00019008516
, 7.57946e-05
, 0.00010869658
, 1.8201243e-05
, 9.6983895e-05
, 7.555098e-05
, 3.2469205e-05
, 0.00050895853
, 5.8860413e-05
, 0.00022314195
, 5.1061237e-05
, 4.6698082e-05
, 4.4078795e-05
, 3.6349982e-05
, 6.0529776e-05
, 0.000106233674
, 0.00020571258
, 7.876461e-05
, 6.735732e-05
, 6.730422e-05
, 0.00034418693
, 9.0383415e-05
, 0.00011957178
, 0.00015285023
, 4.8570368e-05
, 0.2653261
, 2.702218e-05
, 3.3899865e-05
, 0.00031495158
, 5.9150756e-05
, 0.0007733632
, 0.07381993
, 0.000107739055
, 0.00014304924
, 5.921137e-05
, 0.00014251568
, 4.164195e-05
, 9.636818e-05
, 0.00065122603
, 0.00014097206
, 3.808534e-05
, 2.2751952e-05
, 0.00028128512
, 9.479333e-05
, 4.447341e-05
, 4.532416e-05
, 0.00034438568
, 4.6377525e-05
, 0.00010370953
, 0.043608803
, 7.263874e-05
, 3.990286e-05
, 0.00018794664
, 0.60164875
, 5.8591933e-05
, 3.289409e-05
, 0.00028735964
, 8.2149156e-05
, 1.9500707e-05
, 3.8266717e-05
, 0.00059215573
, 6.1032013e-05
, 2.5449046e-05
, 2.430738e-05
, 0.00014936025
, 4.835952e-05
, 2.73055e-05
, 4.1862248e-05
, 0.000103979066
, 4.2635107e-05
